-54.549790,-20.469950
-54.549987,-20.467525
-54.550894,-20.467567
-54.551081,-20.465061
-54.550893,-20.464911
-54.550092,-20.465127
-54.55002834111666,-20.46479819920003
-54.5519221533256,-20.46435942084648
-54.55253292955746,-20.46447350115588
-54.5584292368971,-20.46317951780405
-54.55977027712316,-20.46304214208096
-54.57478930860869,-20.466695093
-54.57744606919598,-20.46752592548697
-54.57882992399892,-20.46843802791956
-54.57995969134733,-20.46902678146945
-54.58187144056975,-20.4705268150354
-54.58446209543499,-20.47111210101892
-54.58763224254914,-20.47107031232486
-54.58844915273819,-20.47092665242939
-54.58862153300016,-20.47067469506075
-54.58947082823504,-20.46952847050107
-54.59011078313546,-20.46885574353583
-54.59046004514288,-20.46819128690362
-54.59078500754665,-20.46812878951413
-54.59130150834745,-20.46812053237873
-54.59187430354559,-20.46800973052231
-54.59271184523998,-20.46785469295802
-54.59406216651155,-20.46795131094234
-54.59473312563884,-20.46786554240206
-54.59691887524207,-20.46735028491907
-54.60075925319032,-20.46633132639961
-54.60349430033811,-20.46579187287234
-54.60606278038569,-20.46598378916514
-54.60840790732616,-20.46616228466349
-54.60967387318411,-20.46628391338492
-54.61148435688767,-20.46642946844679
-54.61339443381571,-20.46657240576419
-54.61357956012003,-20.46593265866784
-54.61501624086987,-20.45824906442528
-54.62007185115989,-20.45906764175138
-54.61853993736247,-20.46730612496917
-54.61513664096583,-20.46705945034089
-54.61338274793717,-20.46695345005424
-54.61308095526115,-20.46706653095028
-54.60944539399103,-20.46722708105564
-54.6095659093883,-20.46633500137044
-54.60772744675136,-20.46619627240117
-54.60353485658551,-20.46587633427751
-54.60076229054778,-20.46639357043134
-54.59688091502931,-20.46741563689358
-54.59492731962047,-20.46792815033279
-54.59388029401614,-20.46800955743478
-54.59283541509928,-20.46794465720912
-54.59122147187793,-20.46823614184349
-54.59003082904957,-20.46914836657427
-54.58943910949069,-20.46962335330511
-54.58887487131508,-20.47061960758098
-54.58891263187028,-20.47094046453011
-54.58850603018112,-20.47103265328379
-54.58616741968152,-20.47118435546057
-54.58422602024475,-20.47117977609187
-54.58179185115594,-20.47063002788038
-54.58024987736424,-20.46981109743694
-54.57931434003903,-20.46913174799499
-54.57797965206214,-20.46795961197006
-54.57692193790065,-20.46750265105896
-54.57454943328734,-20.46683923735606
-54.55975090487812,-20.46325861018131
-54.55852158933547,-20.46328118140703
-54.55602275511376,-20.46377047576238
-54.55123244386876,-20.46489524603337
-54.55110463496991,-20.46520244854111
-54.55088310215248,-20.46756844736479
-54.54998714902202,-20.46752376983731
-54.54986418396936,-20.4689658970437
-54.55090471355104,-20.46903639599364
-54.55077938332866,-20.47045463617981
-54.55167991928288,-20.47594187459144
-54.55117628424747,-20.47602260222407
-54.55064312771041,-20.47609481208092
-54.55040031276965,-20.47473256349149
-54.54689012718211,-20.47527184406421
-54.5459349756814,-20.47543720437534
-54.54445823955186,-20.47630919167268
-54.54480610294017,-20.47679471379053
-54.54330168012821,-20.47767650268304
-54.5432617464738,-20.47700769764424
-54.54193846838381,-20.47508798314445
-54.54544217063645,-20.47292850423399
-54.54588218260123,-20.4728703945468
-54.54624844893289,-20.47521628122558
-54.54693603699022,-20.47516209823697
-54.55041885106404,-20.47468384545516
-54.54976799164212,-20.47071548117636
-54.54977904462874,-20.4699750386